<TIPO>SPRITE
<TEXTURA>texturas/nebulosa.tga
<POSICION>1699.925049,2033.117310,5383.000000
<EJE_X>0.843889,0.356345,-0.401085
<EJE_Y>-0.455609,0.870745,-0.184994
<EJE_Z>0.283321,0.338853,0.897167
<TAMA_X>492.000000
<TAMA_Y>500.000000
<TIPO>SPRITE
<TEXTURA>texturas/quasar2.tga
<POSICION>-4422.473633,2176.805908,3421.000000
<EJE_X>0.669650,0.278468,0.688494
<EJE_Y>0.091013,0.889287,-0.448203
<EJE_Z>-0.737079,0.362801,0.570167
<TAMA_X>165.000000
<TAMA_Y>500.000000
<TIPO>SPRITE
<TEXTURA>texturas/quasar.tga
<POSICION>-4404.937988,2556.352051,3172.000000
<EJE_X>0.272292,0.898012,-0.345589
<EJE_Y>-0.621990,-0.109765,-0.775293
<EJE_Z>-0.734156,0.426059,0.528667
<TAMA_X>455.000000
<TAMA_Y>500.000000
<TIPO>SPRITE
<TEXTURA>texturas/quasar.tga
<POSICION>2938.696533,-5109.103027,1123.000000
<EJE_X>0.247271,0.341536,0.906758
<EJE_Y>-0.836044,-0.397834,0.377834
<EJE_Z>0.489783,-0.851517,0.187167
<TAMA_X>219.000000
<TAMA_Y>500.000000
<TIPO>SPRITE
<TEXTURA>texturas/nebulosa.tga
<POSICION>-4761.691406,3374.291748,1393.000000
<EJE_X>0.608022,0.746891,0.269192
<EJE_Y>-0.022015,0.354797,-0.934684
<EJE_Z>-0.793615,0.562382,0.232167
<TAMA_X>444.000000
<TAMA_Y>500.000000
<TIPO>SPRITE
<TEXTURA>texturas/planeta.tga
<POSICION>2718.658691,-2832.759521,-4537.000000
<EJE_X>0.732086,0.681080,0.013435
<EJE_Y>0.508667,-0.559667,0.654241
<EJE_Z>0.453110,-0.472127,-0.756167
<TAMA_X>166.000000
<TAMA_Y>500.000000
<TIPO>SPRITE
<TEXTURA>texturas/nebulosa.tga
<POSICION>-1926.264404,-4079.162842,-3956.000000
<EJE_X>0.847214,0.104981,-0.520776
<EJE_Y>0.423273,-0.725788,0.542284
<EJE_Z>-0.321044,-0.679860,-0.659333
<TAMA_X>300.000000
<TAMA_Y>500.000000
<TIPO>SPRITE
<TEXTURA>texturas/planeta.tga
<POSICION>-1276.245605,5853.568848,327.000000
<EJE_X>0.204509,0.098991,-0.973846
<EJE_Y>-0.955474,-0.195999,-0.220574
<EJE_Z>-0.212708,0.975595,0.054500
<TAMA_X>199.000000
<TAMA_Y>500.000000
<TIPO>SPRITE
<TEXTURA>texturas/quasar.tga
<POSICION>3824.456543,-2922.808350,-3582.000000
<EJE_X>0.703854,0.052844,0.708377
<EJE_Y>-0.313527,-0.871727,0.376555
<EJE_Z>0.637409,-0.487135,-0.597000
<TAMA_X>275.000000
<TAMA_Y>500.000000
<TIPO>SPRITE
<TEXTURA>texturas/nebulosa.tga
<POSICION>-3285.931641,-4161.464844,-2808.000000
<EJE_X>0.503774,0.173255,-0.846283
<EJE_Y>0.668046,-0.699237,0.254522
<EJE_Z>-0.547655,-0.693577,-0.468000
<TAMA_X>379.000000
<TAMA_Y>500.000000
